#_bootstrap file: 1
1971 #_styr
2001 #_endyr
1 #_nseas
 12 #_months/season
1 #_spawn_seas
1 #_Nfleet
2 #_Nsurveys
1 #_N_areas
FISHERY1%SURVEY1%SURVEY2
 0.5 0.5 0.5 #_surveytiming_in_season
 1 1 1 #_area_assignments_for_each_fishery_and_survey
 1 #_units of catch:  1=bio; 2=num
 0.01 #_se of log(catch) only used for init_eq_catch and for Fmethod 2 and 3; use -1 for discard only fleets
2 #_Ngenders
40 #_Nages
0  #_init_equil_catch_for_each_fishery
31 #_N_lines_of_catch_to_read
#_catch_biomass(mtons):_columns_are_fisheries,year,season
0 1971 1
199.146 1972 1
1001.51 1973 1
1003.86 1974 1
1985.41 1975 1
3050.31 1976 1
3995.8 1977 1
5042.45 1978 1
5962.91 1979 1
7919.02 1980 1
9916.32 1981 1
9953.41 1982 1
10013.5 1983 1
9959.68 1984 1
10085.9 1985 1
9886.95 1986 1
9975.21 1987 1
9127.78 1988 1
8028.19 1989 1
6884.36 1990 1
6051.55 1991 1
3975.34 1992 1
3983.8 1993 1
3960.74 1994 1
3968.42 1995 1
4001.8 1996 1
3034.03 1997 1
3055.9 1998 1
2991.88 1999 1
3043.65 2000 1
3028.14 2001 1
#
21 #_N_cpue_and_surveyabundance_observations
#_Units:  0=numbers; 1=biomass; 2=F
#_Errtype:  -1=normal; 0=lognormal; >0=T
#_Fleet Units Errtype
1 1 0
2 1 0
3 0 0
#_year seas index obs err
1977 1 2 205170 0.3 #_orig_obs: 339689 SURVEY1
1980 1 2 100520 0.3 #_orig_obs: 193353 SURVEY1
1983 1 2 225658 0.3 #_orig_obs: 151984 SURVEY1
1986 1 2 112369 0.3 #_orig_obs: 55221.8 SURVEY1
1989 1 2 134954 0.3 #_orig_obs: 59232.3 SURVEY1
1992 1 2 87164.8 0.3 #_orig_obs: 31137.5 SURVEY1
1995 1 2 49204.9 0.3 #_orig_obs: 35845.4 SURVEY1
1998 1 2 85021.4 0.3 #_orig_obs: 27492.6 SURVEY1
2001 1 2 83672.6 0.3 #_orig_obs: 37338.3 SURVEY1
1990 1 3 3.57367 0.7 #_orig_obs: 5.19333 SURVEY2
1991 1 3 6.17539 0.7 #_orig_obs: 1.1784 SURVEY2
1992 1 3 15.4624 0.7 #_orig_obs: 5.94383 SURVEY2
1993 1 3 0.704832 0.7 #_orig_obs: 0.770106 SURVEY2
1994 1 3 20.2697 0.7 #_orig_obs: 16.318 SURVEY2
1995 1 3 1.50754 0.7 #_orig_obs: 1.36339 SURVEY2
1996 1 3 2.91134 0.7 #_orig_obs: 4.76482 SURVEY2
1997 1 3 11.6444 0.7 #_orig_obs: 51.0707 SURVEY2
1998 1 3 3.14941 0.7 #_orig_obs: 1.36095 SURVEY2
1999 1 3 0.304886 0.7 #_orig_obs: 0.862531 SURVEY2
2000 1 3 3.72736 0.7 #_orig_obs: 5.97125 SURVEY2
2001 1 3 1.36641 0.7 #_orig_obs: 1.69379 SURVEY2

1 #_N_fleets_with_discard
#_discard_units (1=same_as_catchunits(bio/num); 2=fraction; 3=numbers)
#_discard_errtype:  >0 for DF of T-dist(read CV below); 0 for normal with CV; -1 for normal with se; -2 for lognormal
#_Fleet units errtype
1 1 0 # FISHERY1
2 #_N_discard_obs
#_year seas fleet obs err
1995 1 1  255.678 0.2 # 200 40
1996 1 1  322.972 0.2 # 250 50
#
2 #_N_meanbodywt_obs
30 #_DF_for_meanbodywt_T-distribution_like
#_year seas index part obs cv
1995 1 1 2 2.31626 0.3 #_orig_obs: 1
1995 1 1 1 1.80019 0.3 #_orig_obs: 2

2 # length bin method: 1=use databins; 2=generate from binwidth,min,max below; 3=read vector
2 # binwidth for population size comp
10 # minimum size in the population (lower edge of first bin and size at age 0.00)
94 # maximum size in the population (lower edge of last bin)

0 #_comp_tail_compression
1e-007 #_add_to_comp
0 #_combine males into females at or below this bin number
25 #_N_LengthBins
 26 28 30 32 34 36 38 40 42 44 46 48 50 52 54 56 58 60 62 64 68 72 76 80 90
42 #_N_Length_obs
#Yr Seas Flt/Svy Gender Part Nsamp datavector(female-male)
 1971 1 1 3 0 125  0 0 0 0 0 0 0 0 0 6 1 3 1 3 5 2 2 5 3 6 9 1 9 0 0 0 0 0 0 0 0 0 0 4 1 0 0 3 2 3 5 3 7 7 8 14 6 6 0 0
 1972 1 1 3 0 125  0 0 0 0 0 0 0 0 0 3 1 1 0 4 3 4 6 5 8 14 8 4 6 4 0 0 0 0 0 0 0 0 0 1 1 1 2 1 0 4 5 3 5 2 6 11 8 4 0 0
 1973 1 1 3 0 125  0 0 0 0 0 0 0 0 0 0 0 0 6 1 1 4 4 3 2 14 13 9 3 0 0 0 0 0 0 0 0 0 0 0 0 0 9 2 3 4 7 3 5 2 9 9 5 5 2 0
 1974 1 1 3 0 125  0 0 0 0 0 0 0 0 0 6 0 4 0 4 2 4 3 3 4 9 6 6 9 0 0 0 0 0 0 0 0 0 2 0 2 1 3 3 2 5 7 3 7 5 5 11 5 3 1 0
 1975 1 1 3 0 125  0 0 0 0 0 0 0 0 0 0 1 1 2 1 2 3 4 3 4 13 6 7 11 0 0 0 0 0 0 0 0 0 0 0 4 2 1 0 2 6 3 5 3 8 12 10 6 5 0 0
 1976 1 1 3 0 125  0 0 0 0 0 0 0 1 1 1 0 3 0 1 1 2 6 8 5 16 7 8 6 3 0 0 0 0 0 0 0 2 2 1 0 1 2 3 0 3 2 3 6 1 6 9 8 7 0 0
 1977 1 1 3 0 125  0 0 0 0 0 0 0 1 1 0 0 1 1 3 0 5 5 2 5 8 8 5 6 3 0 0 0 0 0 0 1 0 0 2 1 4 0 4 1 6 3 8 3 4 13 9 7 5 0 0
 1978 1 1 3 0 125  0 0 0 0 0 0 2 0 1 2 1 2 0 2 3 2 2 6 8 6 6 6 4 1 0 0 0 0 0 0 0 0 6 0 0 0 2 3 1 1 4 6 3 7 22 10 5 1 0 0
 1979 1 1 3 0 125  0 0 0 0 0 0 0 0 0 0 1 3 4 5 3 3 8 6 4 9 15 4 4 2 0 0 0 0 0 0 0 0 0 4 3 3 1 2 0 2 8 2 4 2 5 8 6 3 1 0
 1980 1 1 3 0 125  0 0 0 0 0 0 0 1 0 0 0 1 0 4 1 2 1 6 4 14 8 7 4 2 0 0 0 0 0 0 0 0 0 4 2 5 3 4 3 2 1 6 2 6 13 9 7 3 0 0
 1981 1 1 3 0 125  0 0 0 0 0 0 2 0 1 0 2 0 1 2 2 4 5 8 8 6 8 5 5 0 0 0 0 0 0 0 0 0 1 0 1 3 2 2 4 4 2 4 2 6 13 10 9 3 0 0
 1982 1 1 3 0 125  0 0 0 0 0 0 0 0 2 1 2 0 1 3 3 3 4 5 4 9 14 12 0 0 0 0 0 0 0 0 0 0 2 0 2 2 2 1 6 3 5 2 5 8 13 4 4 3 0 0
 1983 1 1 3 0 125  0 0 0 0 0 0 0 0 0 0 6 1 2 2 5 6 5 4 3 10 8 10 3 0 0 0 0 0 0 0 0 0 0 0 4 2 2 3 3 2 4 3 4 2 8 11 6 6 0 0
 1984 1 1 3 0 125  0 0 0 0 0 0 0 0 1 0 0 0 2 4 4 8 6 5 5 10 10 4 8 0 0 0 0 0 0 0 0 0 1 2 0 3 2 2 2 2 7 5 3 3 12 7 3 4 0 0
 1985 1 1 3 0 125  0 0 0 0 0 0 0 0 3 1 0 3 1 2 3 6 4 8 4 6 5 2 5 1 0 0 0 0 0 0 0 0 1 1 2 2 1 3 3 6 3 8 7 2 11 8 7 6 0 0
 1986 1 1 3 0 125  0 0 0 1 0 1 1 0 1 0 1 1 3 3 3 6 7 3 5 6 9 8 8 0 0 0 0 0 0 0 1 1 0 0 1 3 0 6 1 4 3 3 3 3 11 8 4 6 0 0
 1987 1 1 3 0 125  0 0 0 0 6 0 3 1 1 0 1 3 6 4 3 2 4 6 4 9 8 3 6 0 0 0 0 0 0 0 0 0 3 1 1 1 3 3 4 3 7 4 5 4 7 4 4 1 0 0
 1988 1 1 3 0 125  0 0 0 0 0 3 1 4 2 0 2 1 1 5 2 5 6 4 4 10 5 7 5 0 0 0 0 0 0 0 0 1 0 0 1 0 1 3 3 2 2 4 10 5 9 7 10 0 0 0
 1989 1 1 3 0 125  0 0 0 0 0 2 0 2 0 4 2 0 3 5 2 2 5 5 5 7 7 6 4 0 0 0 0 0 0 0 0 3 1 2 4 2 3 7 4 4 4 4 6 1 5 3 8 3 0 0
 1990 1 1 3 0 125  0 0 0 0 0 0 0 3 2 3 2 4 2 6 6 2 4 4 3 8 4 2 3 0 0 0 0 0 0 0 2 1 1 2 5 4 3 4 6 7 4 1 2 8 8 3 6 0 0 0
 1991 1 1 3 0 125  0 0 0 0 0 0 0 3 0 4 6 4 5 1 1 4 6 3 5 7 4 5 0 0 0 0 0 0 0 2 1 0 1 4 4 3 5 3 3 2 7 4 6 3 5 4 10 0 0 0
 1992 1 1 3 0 125  0 0 0 0 2 1 0 2 0 1 3 2 2 2 6 5 8 2 4 12 10 5 0 0 0 0 0 0 0 0 0 0 0 0 1 2 6 5 2 2 7 5 8 1 7 5 7 0 0 0
 1993 1 1 3 0 125  0 0 0 0 0 0 1 1 2 3 3 2 3 4 5 2 7 8 3 7 4 4 0 0 0 0 0 0 0 0 0 0 2 1 2 2 6 4 6 6 7 7 1 4 12 3 2 1 0 0
 1994 1 1 3 0 125  0 0 0 0 0 0 0 0 0 8 0 3 6 5 5 7 5 4 5 9 6 2 4 0 0 0 0 0 0 0 0 0 0 1 4 3 2 4 2 4 8 6 2 3 8 4 2 3 0 0
 1995 1 1 3 0 125  0 0 0 4 0 0 0 0 1 1 3 1 2 4 4 3 7 4 3 8 14 0 0 0 0 0 0 0 0 3 2 1 0 2 0 1 2 3 4 7 4 3 9 5 10 5 5 0 0 0
 1996 1 1 3 0 125  0 0 0 0 1 0 0 0 2 1 2 2 7 4 10 4 4 2 5 8 3 2 0 0 0 0 0 0 0 0 0 1 1 1 0 2 0 6 6 9 1 11 6 6 2 6 9 1 0 0
 1997 1 1 3 0 125  0 0 0 1 0 0 1 0 3 1 1 3 3 3 6 2 4 3 5 9 12 0 0 0 0 0 0 0 0 0 2 1 2 3 0 0 1 3 4 4 6 8 3 8 13 6 4 0 0 0
 1998 1 1 3 0 125  0 0 0 0 3 0 0 1 0 2 1 5 1 3 2 3 3 5 5 9 13 3 3 0 0 0 0 0 0 5 2 0 3 0 1 1 1 2 5 2 7 3 4 7 7 10 3 0 0 0
 1999 1 1 3 0 125  0 0 0 0 0 1 0 2 4 1 2 3 2 5 2 3 2 1 7 7 7 8 0 0 0 0 0 0 0 0 0 5 2 2 5 0 1 3 5 6 3 3 5 4 8 6 10 0 0 0
 2000 1 1 3 0 125  0 0 0 0 0 1 1 1 1 5 6 1 5 3 3 4 5 5 2 7 21 0 0 0 0 0 0 0 0 0 0 0 1 5 4 3 4 2 4 5 3 4 4 2 4 5 1 3 0 0
 2001 1 1 3 0 125  0 0 0 0 2 0 2 0 1 2 3 1 6 2 4 7 4 1 4 11 6 4 0 0 0 0 0 0 0 0 1 1 1 1 2 4 7 3 5 5 4 5 6 5 5 4 6 0 0 0
 1995 1 1 3 1 125  0 0 0 0 5 1 1 0 2 1 5 4 4 7 5 2 2 2 2 3 2 3 0 0 0 0 0 0 0 14 2 1 3 3 2 5 7 8 3 7 5 5 2 1 3 3 0 0 0 0
 1995 1 1 3 2 125  0 0 0 0 1 0 0 0 0 2 3 5 4 2 8 2 11 5 8 4 4 5 0 0 0 0 0 0 0 0 0 0 1 0 0 0 0 2 4 3 5 10 5 8 14 5 4 0 0 0
 1977 1 2 3 0 125  0 0 0 0 5 3 2 2 2 2 2 3 5 3 1 3 1 1 3 6 4 11 0 0 0 0 0 0 0 0 0 8 4 3 2 1 2 3 3 3 3 3 4 6 5 8 6 2 0 0
 1980 1 2 3 0 125  0 0 0 0 2 0 2 3 1 2 2 2 5 5 4 2 3 7 1 3 2 5 5 2 0 0 0 0 0 0 1 0 2 0 3 1 2 5 7 3 7 7 4 3 7 4 7 4 0 0
 1983 1 2 3 0 125  0 0 0 0 2 2 2 2 5 2 4 4 1 3 2 1 2 2 5 6 7 5 0 0 0 0 0 0 0 2 2 3 5 1 9 3 4 3 2 5 4 4 2 1 9 9 0 0 0 0
 1986 1 2 3 0 125  0 0 0 0 1 2 3 3 3 3 6 1 3 6 6 1 2 2 2 6 5 4 3 0 0 0 0 0 0 0 2 1 2 0 7 3 2 4 4 9 3 3 3 1 9 5 5 0 0 0
 1989 1 2 3 0 125  0 0 0 0 0 5 6 2 5 7 2 5 4 3 4 2 2 3 1 4 1 4 0 0 0 0 0 0 0 0 3 6 5 4 4 3 5 3 2 1 6 5 4 4 10 0 0 0 0 0
 1992 1 2 3 0 125  0 0 0 0 0 6 2 5 4 3 4 3 3 2 3 4 4 0 1 3 4 0 0 0 0 0 0 0 0 0 5 6 2 5 2 4 7 10 1 6 3 5 4 4 4 3 3 0 0 0
 1995 1 2 3 0 125  0 0 0 0 2 0 5 1 2 1 5 6 3 5 5 4 2 8 0 5 5 1 0 0 0 0 0 0 0 1 3 2 4 3 5 3 4 2 4 5 5 3 3 5 4 4 5 0 0 0
 1998 1 2 3 0 125  0 0 0 3 2 3 2 4 3 3 4 6 4 1 7 3 2 2 2 4 3 2 0 0 0 0 0 0 0 2 3 4 3 7 3 2 2 2 4 3 3 3 5 3 11 3 2 0 0 0
 2001 1 2 3 0 125  0 0 0 0 0 7 3 0 4 2 6 4 6 4 5 3 9 4 1 6 4 0 0 0 0 0 0 0 0 5 3 1 1 4 9 2 4 6 5 2 2 4 1 1 4 3 0 0 0 0

17 #_N_age_bins
 1 2 3 4 5 6 7 8 9 10 11 12 13 14 15 20 25
2 #_N_ageerror_definitions
 0.5 1.5 2.5 3.5 4.5 5.5 6.5 7.5 8.5 9.5 10.5 11.5 12.5 13.5 14.5 15.5 16.5 17.5 18.5 19.5 20.5 21.5 22.5 23.5 24.5 25.5 26.5 27.5 28.5 29.5 30.5 31.5 32.5 33.5 34.5 35.5 36.5 37.5 38.5 39.5 40.5
 0.001 0.001 0.001 0.001 0.001 0.001 0.001 0.001 0.001 0.001 0.001 0.001 0.001 0.001 0.001 0.001 0.001 0.001 0.001 0.001 0.001 0.001 0.001 0.001 0.001 0.001 0.001 0.001 0.001 0.001 0.001 0.001 0.001 0.001 0.001 0.001 0.001 0.001 0.001 0.001 0.001
 0.5 1.5 2.5 3.5 4.5 5.5 6.5 7.5 8.5 9.5 10.5 11.5 12.5 13.5 14.5 15.5 16.5 17.5 18.5 19.5 20.5 21.5 22.5 23.5 24.5 25.5 26.5 27.5 28.5 29.5 30.5 31.5 32.5 33.5 34.5 35.5 36.5 37.5 38.5 39.5 40.5
 0.5 0.65 0.67 0.7 0.73 0.76 0.8 0.84 0.88 0.92 0.97 1.03 1.09 1.16 1.23 1.32 1.41 1.51 1.62 1.75 1.89 2.05 2.23 2.45 2.71 3 3 3 3 3 3 3 3 3 3 3 3 3 3 3 3
42 #_N_Agecomp_obs
1 #_Lbin_method: 1=poplenbins; 2=datalenbins; 3=lengths
1 #_combine males into females at or below this bin number
#Yr Seas Flt/Svy Gender Part Ageerr Lbin_lo Lbin_hi Nsamp datavector(female-male)
 1971 1 1 3 0 2 1 -1 75  0 0 0 0 5 2 2 2 2 1 1 2 2 2 6 1 4 0 0 1 2 4 4 2 7 1 4 2 2 1 0 8 1 4
 1972 1 1 3 0 2 1 -1 75  1 0 2 1 2 2 4 2 1 4 1 1 1 0 4 6 6 0 0 1 3 2 4 3 2 0 1 3 2 2 5 2 4 3
 1973 1 1 3 0 2 1 -1 75  0 0 3 2 1 3 3 1 3 3 4 1 1 3 9 3 3 0 0 0 2 2 4 3 1 4 0 3 1 1 1 2 5 3
 1974 1 1 3 0 2 1 -1 75  0 0 4 3 3 2 2 2 1 2 1 2 2 1 7 4 7 0 0 1 1 4 0 4 1 4 1 3 0 0 2 5 2 4
 1975 1 1 3 0 2 1 -1 75  0 0 0 1 3 3 0 1 3 3 2 2 3 4 7 2 8 0 0 0 0 3 2 1 2 1 3 1 3 1 2 8 4 2
 1976 1 1 3 0 2 1 -1 75  0 0 2 0 2 1 1 2 3 3 2 1 2 2 3 5 5 0 0 0 0 4 0 1 2 1 1 2 5 3 2 7 13 0
 1977 1 1 3 0 2 1 -1 75  0 0 0 0 5 1 1 3 3 0 3 4 1 1 2 4 7 0 0 3 2 0 5 5 1 3 1 2 0 1 2 7 3 5
 1978 1 1 3 0 2 1 -1 75  0 0 0 0 1 1 4 1 1 1 3 1 2 2 4 5 6 0 0 2 0 0 3 2 3 3 3 0 4 2 1 7 5 8
 1979 1 1 3 0 2 1 -1 75  2 0 2 3 2 2 1 0 0 1 1 2 4 1 11 12 0 0 0 3 2 1 0 3 1 1 1 1 2 1 0 6 5 4
 1980 1 1 3 0 2 1 -1 75  0 2 1 1 1 1 1 2 6 1 1 5 0 2 4 9 0 0 0 0 6 3 2 1 3 4 1 2 0 2 2 4 4 4
 1981 1 1 3 0 2 1 -1 75  0 1 1 0 1 3 2 1 2 4 1 3 0 3 6 5 3 0 0 2 3 3 3 0 1 4 3 2 1 1 2 4 5 5
 1982 1 1 3 0 2 1 -1 75  0 1 3 0 5 5 3 3 2 1 2 7 1 2 5 2 2 0 0 0 0 2 4 0 1 2 1 3 1 1 3 6 7 0
 1983 1 1 3 0 2 1 -1 75  0 0 0 5 1 3 1 4 4 1 2 2 0 0 5 3 4 0 0 1 2 4 2 1 2 6 3 3 3 2 0 8 3 0
 1984 1 1 3 0 2 1 -1 75  0 0 0 4 1 2 5 1 2 0 2 2 1 2 7 2 4 0 0 2 1 7 3 2 2 1 2 2 3 2 2 5 2 4
 1985 1 1 3 0 2 1 -1 75  0 0 0 4 1 4 1 3 1 3 1 1 2 0 2 6 7 0 0 0 5 1 3 7 2 3 1 3 1 0 0 4 3 6
 1986 1 1 3 0 2 1 -1 75  0 2 1 3 1 3 3 2 3 0 0 4 2 0 8 3 5 0 0 0 0 7 0 5 4 2 1 1 0 2 1 5 7 0
 1987 1 1 3 0 2 1 -1 75  0 3 2 2 3 2 2 1 4 1 1 4 0 2 6 7 0 0 0 2 1 3 3 3 3 4 4 3 2 2 0 1 1 3
 1988 1 1 3 0 2 1 -1 75  2 4 3 1 5 3 5 5 1 5 2 1 3 1 3 1 0 0 0 1 0 1 4 9 6 0 2 1 0 1 1 0 4 0
 1989 1 1 3 0 2 1 -1 75  0 6 3 3 5 3 2 1 4 2 3 2 1 2 4 4 0 0 0 6 2 1 3 3 0 2 2 2 2 0 2 0 5 0
 1990 1 1 3 0 2 1 -1 75  0 0 4 5 1 5 1 2 2 3 1 2 1 0 5 2 0 0 1 7 5 3 4 1 3 3 6 1 1 1 0 3 2 0
 1991 1 1 3 0 2 1 -1 75  0 0 8 5 3 4 1 0 1 2 0 0 2 1 7 6 0 0 2 1 3 4 4 4 0 4 3 1 0 1 0 6 2 0
 1992 1 1 3 0 2 1 -1 75  0 0 5 1 8 8 5 4 0 1 0 2 3 1 4 0 1 0 0 1 1 5 7 3 4 3 0 2 1 1 0 3 1 0
 1993 1 1 3 0 2 1 -1 75  0 0 2 4 5 2 8 6 0 1 2 1 2 5 0 0 0 0 0 6 2 6 3 5 1 1 1 2 1 0 1 8 0 0
 1994 1 1 3 0 2 1 -1 75  0 0 5 5 0 4 3 8 0 3 0 1 2 2 1 4 0 0 0 0 9 7 2 2 2 3 2 2 0 8 0 0 0 0
 1995 1 1 3 0 2 1 -1 75  1 2 2 5 4 2 3 5 5 1 5 2 1 6 0 0 0 0 0 0 2 5 2 5 2 3 5 2 0 1 0 2 1 1
 1995 1 1 3 1 2 1 -1 75  0 13 7 3 7 2 1 4 0 0 2 0 0 0 1 0 0 0 3 5 7 3 5 2 3 3 1 1 0 0 0 2 0 0
 1995 1 1 3 2 2 1 -1 75  0 1 3 1 2 4 4 6 9 3 1 0 0 2 3 0 0 0 0 0 2 4 1 6 1 5 4 4 1 1 3 4 0 0
 1996 1 1 3 0 2 1 -1 75  0 0 5 2 2 9 6 4 3 4 7 2 1 0 2 2 0 0 2 1 1 2 1 2 1 2 2 6 1 0 0 5 0 0
 1997 1 1 3 0 2 1 -1 75  0 4 1 1 1 2 0 7 4 3 3 2 2 1 3 0 0 0 0 0 5 3 3 4 4 3 2 2 3 3 9 0 0 0
 1998 1 1 3 0 2 1 -1 75  1 0 1 1 2 0 5 4 3 4 3 2 4 2 4 0 0 0 0 3 1 2 2 6 4 1 3 2 2 4 3 3 3 0
 1999 1 1 3 0 2 1 -1 75  1 4 2 2 4 2 2 3 7 2 2 5 0 2 5 0 0 0 2 3 2 5 1 3 2 2 3 2 2 3 1 1 0 0
 2000 1 1 3 0 2 1 -1 75  0 3 6 6 3 4 1 1 2 3 1 6 0 5 2 0 0 0 0 3 3 1 2 4 1 1 4 2 2 1 3 5 0 0
 2001 1 1 3 0 2 1 -1 75  0 2 2 4 4 4 2 2 2 2 2 3 2 1 5 0 0 0 0 3 3 5 3 4 3 2 3 3 4 0 1 4 0 0
 1977 1 2 3 0 2 1 -1 75  3 0 2 2 0 3 2 2 1 2 1 2 2 3 6 6 0 0 1 1 4 1 3 4 2 2 3 2 1 2 0 3 9 0
 1980 1 2 3 0 2 1 -1 75  3 2 1 3 3 5 1 1 1 2 0 3 1 2 6 1 4 0 4 1 5 1 1 3 1 2 3 3 2 0 2 4 1 3
 1983 1 2 3 0 2 1 -1 75  3 2 4 2 3 1 5 2 4 1 1 2 0 1 3 1 0 0 1 7 9 1 1 3 3 1 2 1 2 1 0 2 2 4
 1986 1 2 3 0 2 1 -1 75  1 1 3 6 4 4 3 3 2 4 0 1 0 2 1 4 2 0 0 5 3 3 2 4 3 2 1 1 2 0 2 1 5 0
 1989 1 2 3 0 2 1 -1 75  5 3 6 8 2 3 2 0 1 0 0 0 1 6 0 0 0 0 1 8 5 4 3 2 6 2 0 1 0 6 0 0 0 0
 1992 1 2 3 0 2 1 -1 75  8 3 3 6 3 3 4 2 1 0 1 1 1 0 1 0 0 0 7 5 2 8 9 2 2 2 0 0 0 0 0 1 0 0
 1995 1 2 3 0 2 1 -1 75  0 5 3 5 3 1 8 3 4 3 1 0 0 0 1 0 0 0 1 1 3 7 4 2 7 0 1 2 0 1 2 7 0 0
 1998 1 2 3 0 2 1 -1 75  7 6 4 6 3 3 2 0 3 3 2 2 2 7 0 0 0 0 3 6 1 2 2 3 0 0 0 2 3 3 0 0 0 0
 2001 1 2 3 0 2 1 -1 75  2 2 5 6 6 6 3 3 2 1 2 2 0 0 4 0 0 0 0 7 6 4 4 0 1 1 0 2 0 1 3 2 0 0

6 #_N_MeanSize-at-Age_obs
#Yr Seas Flt/Svy Gender Part Ageerr Ignore datavector(female-male)
#                                          samplesize(female-male)
 1971 1 1 3 0 1 2 31.8357 39.722 45.5218 48.4189 52.1761 56.6799 59.0976 60.8358 62.5004 64.5529 64.9392 63.1732 69.2398 69.8382 70.9602 71.483 74.5135 31.5204 39.8018 46.0638 51.0466 52.0802 55.5937 57.1402 58.4794 60.7847 63.3825 64.4867 66.3436 66.8924 68.6936 67.5987 67.5636 69.0663
 20 20 20 20 20 20 20 20 20 20 20 20 20 20 20 20 20 20 20 20 20 20 20 20 20 20 20 20 20 20 20 20 20 20
 1995 1 1 3 0 1 2 34.2591 39.2157 44.7741 47.7206 52.1686 55.6891 58.5574 59.9736 62.855 64.5334 65.6886 65.3876 67.8203 66.9767 71.4083 71.0357 73.4839 32.6196 40.5312 46.8445 49.6696 53.8454 56.6877 58.1923 59.7705 61.0751 61.6153 63.8673 64.5282 66.5409 65.0386 69.8826 66.6926 72.0646
 20 20 20 20 20 20 20 20 20 20 20 20 20 20 20 20 20 20 20 20 20 20 20 20 20 20 20 20 20 20 20 20 20 20
 1995 1 1 3 1 1 2 31.4253 40.0692 43.5027 48.0151 49.5317 52.5139 57.1566 55.2488 58.4423 60.548 61.446 63.9418 64.9355 64.191 66.8906 66.1213 70.2574 31.5972 37.8587 43.1353 46.4582 49.7879 53.7443 55.7443 56.3585 59.4961 58.7688 61.2203 61.6839 64.6311 67.0238 66.4088 68.8365 67.8683
 20 20 20 20 20 20 20 20 20 20 20 20 20 20 20 20 20 20 20 20 20 20 20 20 20 20 20 20 20 20 20 20 20 20
 1995 1 1 3 2 1 2 34.5281 41.245 46.0784 49.3079 54.1372 55.3906 57.6839 59.9501 61.9949 63.055 66.5769 65.2643 65.0545 66.8221 69.7771 70.9646 75.1076 35.5395 39.927 47.853 48.3397 52.2175 56.1886 57.9622 60.4181 61.3387 61.0048 64.2804 63.7306 67.8514 64.4853 68.7125 69.1024 73.3485
 20 20 20 20 20 20 20 20 20 20 20 20 20 20 20 20 20 20 20 20 20 20 20 20 20 20 20 20 20 20 20 20 20 20
 1971 1 2 3 0 1 2 33.879 39.491 42.8525 45.7564 49.5712 52.3117 57.3584 56.4016 59.0479 60.6891 65.4303 64.4461 65.8593 66.8783 68.2852 71.9285 74.3727 34.8286 40.2529 45.9782 47.8508 50.6114 53.73 54.1875 55.9138 60.874 62.4615 63.795 63.9911 67.3484 63.5118 66.3323 67.5946 67.8047
 20 20 20 20 20 20 20 20 20 20 20 20 20 20 20 20 20 20 20 20 20 20 20 20 20 20 20 20 20 20 20 20 20 20
 1995 1 2 3 0 1 2 34.0898 39.4673 43.3636 47.2797 49.5353 54.3249 57.5296 60.7647 58.6624 61.9314 65.1826 63.1343 67.9911 65.0384 68.0234 70.474 74.2904 35.2177 39.8482 43.6559 47.7758 51.4323 53.0599 54.429 57.0713 61.3246 62.1387 62.2684 62.4546 65.8347 66.6905 66.638 67.6028 72.9423
 20 20 20 20 20 20 20 20 20 20 20 20 20 20 20 20 20 20 20 20 20 20 20 20 20 20 20 20 20 20 20 20 20 20

0 #_N_environ_variables
0 #_N_environ_obs

2	# N sizefreq methods to read
25 15	#Sizefreq: N bins per method
2	2	#Sizefreq units(bio/num) for each method; e.g. are the values accumulated in each bin based on numbers or weight.
3 3	#Sizefreq scale(kg/lbs/cm/inches) per method
1.00E-09	1.00E-09	#Sizefreq mincomp per method (added to each bin in the observed and expected compositions)
2	2	#N obs for each method
#Lower edge of each size bin.  In this example this is set same as the length comp input
 -26 28 30 32 34 36 38 40 42 44 46 48 50 52 54 56 58 60 62 64 68 72 76 80 90
 -26 28 30 32 34 36 38 40 42 44 46 48 50 52 54
# note that the data below must be sorted by method because the number of columns to be read depends on the method
#Method	Year	season	Fleet	Partition	Gender	SampleSize	Female, then male data vector
1	1997	1	1	3	0	125	0	0	0	1	0	0	1	0	3	1	1	3	3	3	6	2	4	3	5	9	12	0	0	0	0	0	0	0	0	0	2	1	2	3	0	0	1	3	4	4	6	8	3	8	13	6	4	0	0	0
1	1998	1	1	3	0	125	0	0	0	0	3	0	0	1	0	2	1	5	1	3	2	3	3	5	5	9	13	3	3	0	0	0	0	0	0	5	2	0	3	0	1	1	1	2	5	2	7	3	4	7	7	10	3	0	0	0

2	1997	1	1	3	0	125	0	0	0	1	0	0	1	0	3	1	1	3	3	3	41		0	0	0	0	2	1	2	3	0	0	1	3	4	4	48
2	1998	1	1	3	0	125	0	0	0	0	3	0	0	1	0	2	1	5	1	3	46		0	0	0	5	2	0	3	0	1	1	1	2	5	2	41

0 # do tags (0/1)

0 # no morphcomp data

999
